1080 88
7706 82
1956 79
2100 78
351 78
7412 76
92421 69
7182 68
2099 68
3676 67
7189 67
23476 66
25962 66
9928 66
10551 65
1894 65
2885 65
54443 65
9055 64
3965 63
6780 63
6714 63
999 60
3187 60
9820 59
11113 59
6047 59
65018 59
10112 59
1540 58
3845 57
3265 57
23363 57
26471 56
25980 56
10413 55
120892 54
328 54
7846 54
55054 53
57664 53
998 53
26270 52
5245 51
83987 51
11060 51
4893 51
5295 51
4627 51
23076 50
25921 50
11338 50
7514 50
2932 50
2534 50
4914 50
9343 49
51547 49
55011 49
9212 49
1387 49
2064 49
55716 49
9564 48
2177 48
9641 47
9493 47
8359 47
9584 47
1025 47
29978 47
10482 46
112399 46
374354 46
128866 46
4692 45
4343 45
7311 45
6772 45
975 45
7534 45
3191 45
1386 44
70 44
9401 44
6194 43
2033 43
6613 43
51574 43
5335 43
5594 43
144100 43
821 43
124245 42
81533 42
4137 42
4799 42
3932 42
867 42
7124 42
