10015
1003
10039
100506084
100506736
10066
10146
1017
10170
10171
10189
10208
10209
10212
10221
10252
10253
1026
10262
1036
10379
10410
10437
10457
10459
10460
10462
10483
1051
10514
10516
1052
10544
10575
10581
10603
10607
10626
10627
10630
10631
10723
1075
10763
10783
10785
10797
10808
10865
10875
10897
10903
10912
10959
10981
11010
11015
11035
11091
11098
11117
11135
11177
11186
11221
11226
112574
112616
11262
113
11314
113178
1143
114548
115123
1154
115708
116496
116844
117246
118788
1192
121053
123
1230
1234
123920
1240
126014
1263
126308
126382
126433
1266
1269
126917
127544
127550
1282
130535
1307
131450
1316
1318
132299
1326
133
1356
1382
1390
140739
140809
1410
1435
1439
1441
1476
148479
1491
150094
1514
151636
1522
1535
1536
154214
1580
1601
160364
160428
161424
162073
1634
163859
1647
165
1674
169693
170954
1728
1827
1839
1847
1889
1893
1903
1909
1912
192111
1959
196527
196883
1973
1978
1984
1994
1997
2000
200186
2004
2006
2010
2012
2014
201780
2022
2028
204
2040
2058
2091
2107
2113
2120
2150
2159
2171
219931
2200
2207
2209
2212
2213
2214
221749
222962
2242
2260
2268
2275
22795
22822
22856
22899
22904
22918
22919
22948
23082
23135
2316
23160
23165
2317
23170
2318
23210
2324
23246
23294
23344
2335
23406
23433
23452
23471
23514
23516
23529
2353
23533
2354
2355
2356
23589
23601
23603
23645
23670
23764
23765
241
249
253260
2533
255809
257106
25903
25932
25937
25987
26064
26136
2615
26205
2634
26353
2643
26472
26574
2669
2670
2674
2683
26986
2701
27128
27173
2730
27348
2780
2819
2828
284297
284612
285
286207
2896
29015
29097
29107
29109
29128
29766
29927
29950
29957
29969
30008
301
302
3021
3055
3059
306
3061
307
30844
30846
30851
3099
3122
3123
3133
3142
3159
3162
3185
330
3301
3303
3306
3309
3315
3329
3336
333926
3371
3383
338382
338442
339
3394
339665
3397
340485
342035
3431
3437
3475
347733
3486
348995
3491
3516
353
3554
3556
3557
3561
3566
3570
3572
3588
3597
3615
3624
3659
3678
3683
3684
3688
3689
3690
3692
3703
3707
3718
3725
3726
3732
374569
378
3791
382
3835
3838
388389
389
3911
3915
3918
3934
3936
3939
3949
3958
3959
397
3991
399473
4000
4015
4046
4052
4055
4067
4069
4071
4086
4092
4144
415116
4162
4170
4171
4173
4174
4175
4193
4242
4256
4284
4299
4318
4323
4327
4360
4478
4489
4502
4542
4599
4609
4616
4641
4643
4650
467
468
4688
4689
4736
4783
4790
4791
4792
4793
4800
4804
4814
4839
4846
4869
4885
4904
4953
4973
5029
5031
5034
5036
5045
5052
5074
50856
50999
51053
51056
51065
51100
5111
51129
51154
51162
51196
51236
51246
51271
51312
51316
51326
51330
51365
51388
51586
5169
51726
51744
5175
5209
5216
5292
5321
5327
5328
5329
5333
5341
5355
5375
53831
53834
53838
54103
5420
54206
5424
54407
54433
54436
54437
54491
54555
54567
54657
54716
5480
54815
548645
54888
54918
54974
55003
55038
55095
55107
55114
55164
5519
55233
55253
55254
55273
55332
55349
55379
5547
5552
55647
55666
55668
55917
55970
5613
56270
56342
5641
567
56829
56833
56895
56902
56905
56928
56937
5696
5698
5699
56999
57018
5711
57178
5720
5721
57381
5739
5740
57514
57522
5756
57561
57647
5771
57761
5777
5778
578
5782
5788
5792
5817
5822
5829
58505
58516
5880
5888
59
5901
5914
5917
59307
5947
595
597
5970
5979
5996
60
6004
602
60436
6050
60681
6175
6195
6207
6236
6237
6241
6259
6274
6275
6277
6281
6282
6303
6307
633
6359
6369
637
6382
6385
6401
64098
64114
64129
64207
64285
64332
6452
6464
64651
6470
6472
64782
6482
64834
6484
64855
64856
64857
649
64926
6503
6510
65124
6513
6520
65249
653361
6560
6566
6578
6606
6607
6615
6626
6627
6646
6675
6688
6696
6698
6768
6774
6781
6793
6813
6836
684
6850
6868
6876
6886
689
6892
6897
6916
694
6993
7005
7040
7045
7050
7051
7052
7056
7057
706
7071
7076
7083
7094
7097
710
712
713
7130
7132
7133
714
715
7157
716
717
7171
718
719
7203
7205
728
7286
7295
7296
7305
7316
7351
7371
7374
7378
7408
7409
7410
7425
7428
7431
7444
7462
7477
7764
7791
7851
7852
7867
790
79039
79080
79094
79155
79159
79174
796
79616
7965
79651
7975
79890
79892
79927
79934
80114
80149
80176
80219
80271
80346
80381
8061
80781
811
813
8140
81575
81620
81704
822
8273
8301
8323
834
83460
83595
83666
83667
837
83706
83716
83862
83879
83931
83937
83959
83982
840
8407
841
84164
84216
84236
84243
84270
84298
84333
84444
84513
84617
84662
84675
84803
84818
84957
84959
8531
85403
8565
8572
858
860
861
8614
865
8662
8664
8692
8693
871
8744
8761
8767
8804
8826
8828
8870
8877
8879
8882
8886
8894
89797
8985
8994
90007
9021
9023
90637
9064
90861
90952
90993
91107
9123
9124
9136
9144
9150
91543
91663
91748
9180
9183
9188
91947
9208
9219
9260
92799
928
929
9294
9314
9322
9332
9334
93487
9404
9414
942
9454
9470
9507
9510
9516
952
953
9531
9535
9592
960
963
9636
9653
967
968
972
9780
990
9903
993
9945
9948
9961
9989
